(-4.297476768493652, -1.6581000089645386)
(-4.006410121917727, -1.7327729463577262)
(-3.7136030197143555, -1.807631015777588)
(-3.4207639694213885, -1.8821970224380489)
(-3.1277968883514404, -1.956483006477356)
(-2.834739923477173, -2.0305559635162354)
(-2.5414509773254395, -2.104414939880371)
(-2.24755597114563, -2.178394079208374)
(-1.95340001583099, -2.252887964248658)
(-1.6596649885177612, -2.3276870250701904)
(-1.3654279708862305, -2.4026739597320557)
(-1.0656969547271695, -2.480154037475587)
(-0.7642709016799927, -2.565290927886963)
(-0.470592200756073, -2.65364408493042)
(-0.18616679310798645, -2.7386178970336914)
(0.09208943694829941, -2.81577205657959)
(0.3641442060470616, -2.881871938705445)
(0.6291748285293579, -2.9316649436950684)
(0.9005872011184692, -2.962562084197998)
(1.180277943611145, -2.9835100173950195)
(1.4631839990615845, -2.9922049045562744)
(1.7520049810409546, -2.9924581050872803)
(2.0427958965301514, -2.9863340854644775)
(2.3398571014404297, -2.9733829498291016)
(2.572114944458008, -2.9685580730438232)
(2.708251953125, -2.927938938140869)
(2.831947088241577, -2.8309099674224854)
(2.966162919998169, -2.6750071048736572)
(3.093719959259033, -2.47420597076416)
(3.221019983291626, -2.2259840965270996)
(3.3629190921783447, -1.9538969993591309)
(3.508125066757202, -1.6826770305633545)
(3.654315948486328, -1.4145640134811401)
(3.7999870777130127, -1.1489139795303345)
(3.9439010620117188, -0.8856080770492554)
(4.083810806274414, -0.6243895292282104)
(4.218455791473389, -0.3634051978588104)
(4.349092960357666, -0.09823533147573471)
(4.479022979736328, 0.17099179327487946)
(4.479022979736328, 0.17099179327487946)
(4.604227066040039, 0.43421629071235657)
(4.714855194091797, 0.6901972889900208)
(4.808969974517822, 0.9442777037620544)
(4.884298801422119, 1.197558045387268)
(4.9376220703125, 1.44573700428009)
(4.963225841522217, 1.6815199851989746)
(4.956844806671143, 1.8956960439682007)
(4.91621208190918, 2.079308032989502)
(4.842034816741943, 2.229746103286743)
(4.731897830963135, 2.3521199226379395)
(4.58130407333374, 2.4516499042510986)
(4.393222808837891, 2.5267059803009033)
(4.18015718460083, 2.5731539726257324)
(3.9251809120178223, 2.5890660285949707)
(3.6296980381011963, 2.600851058959961)
(3.326596975326538, 2.6134910583496094)
(3.023919105529785, 2.6263630390167236)
(2.721195936203003, 2.6392650604248047)
(2.418390989303589, 2.6524710655212402)
(2.116950035095215, 2.665756940841675)
(1.8278989791870117, 2.677445888519287)
(1.5734579563140876, 2.6768620014190674)
(1.381672978401184, 2.654320001602173)
(1.2472660541534424, 2.596250057220459)
(1.1337300539016724, 2.4937710762023926)
(1.0411679744720457, 2.357888936996459)
(0.9887248873710632, 2.2065889835357666)
(0.975232720375061, 2.0827560424804688)
(1.017725944519043, 1.9752049446105957)
(1.1225130558013916, 1.837833046913147)
(1.2544310092926025, 1.7124990224838257)
(1.4052150249481201, 1.6338560581207275)
(1.6320350170135498, 1.5778529644012451)
(1.9497519731521606, 1.5033960342407227)
(2.4072229862213135, 1.312940001487732)
(2.7499890327453613, 0.8357473015785217)
(2.8134689331054683, 0.294507801532748)
(2.6929280757904057, -0.10875809937715442)
(2.5883851051330566, -0.40685179829597473)
(2.4536519050598145, -0.7476717829704285)
(2.2241899967193604, -1.0989539623260498)
(1.9164910316467285, -1.3915549516677856)
(1.5587040185928345, -1.6036330461502075)
(1.1825599670410156, -1.7344579696655273)
(0.8092268705368042, -1.8003360033035278)
(0.4255078136920929, -1.8164559602737427)
(0.08083374053239822, -1.7724169492721558)
(-0.21818959712982178, -1.7352650165557861)
(-0.5253170728683489, -1.6957269906997678)
(-0.8418599963188171, -1.6478830575942993)
(-1.1691449880599976, -1.5835820436477661)
(-1.5088859796524032, -1.4906690120697026)
(-1.8646830320358276, -1.3471180200576782)
(-2.2278780937194824, -1.1096789836883545)
(-2.5356850624084473, -0.7347521781921387)
(-2.686863899230957, -0.26692458987236023)
(-2.6837339401245117, 0.14654119312763214)
(-2.6469569206237793, 0.476234495639801)
(-2.604326009750366, 0.7943789958953857)
(-2.5457980632781982, 1.1142059564590454)
(-2.4780149459838867, 1.4219290018081665)
(-2.4134531021118164, 1.6986860036849976)
(-2.3756608963012695, 1.9516390562057495)
(-2.3618319034576416, 2.1732370853424072)
(-2.386157989501953, 2.344219923019409)
(-2.471967935562134, 2.5201680660247803)
(-2.5864789485931396, 2.7076449394226074)
(-2.7088708877563508, 2.8436930179595965)
(-2.8451459407806396, 2.9312849044799805)
(-3.0070440769195517, 2.9802761077880846)
(-3.19704008102417, 2.992419958114624)
(-3.3983750343322754, 2.968251943588257)
(-3.5928421020507812, 2.9073328971862793)
(-3.771497964859009, 2.812453031539917)
(-3.9284269809722865, 2.685698032379153)
(-4.059749126434326, 2.5311520099639893)
(-4.160755157470703, 2.3537869453430176)
(-4.233458995819092, 2.1412620544433594)
(-4.294209957122802, 1.8741149902343783)
(-4.362757205963135, 1.5788320302963257)
(-4.431244850158691, 1.2838250398635864)
(-4.499849796295166, 0.9890202283859253)
(-4.568264961242676, 0.6942058205604553)
(-4.636828899383545, 0.39927759766578674)
(-4.70546293258667, 0.10395059734582901)
(-4.774861812591553, -0.1920969933271408)
(-4.844666957855225, -0.48561981320381165)
(-4.910225868225098, -0.769726574420929)
(-4.958929061889648, -1.009315013885498)
(-4.963164806365967, -1.190132975578308)
(-4.9291510581970215, -1.325927972793579)
(-4.857432842254639, -1.4298789501190186)
(-4.736825942993164, -1.5177220106124878)
(-4.552692890167236, -1.5919189453125)
(-4.297476768493652, -1.6581000089645386)